$ANSIBLE_VAULT;1.1;AES256
37313135393464393833326531646636386131633139356432356237316362656432613066626563
6135346535326265613264353935323632663831373637370a326234303535363163356430313130
39623931653263333335653961396239366430313631336535373863333635383862366135383337
3064333938633438650a643234366535383537396536646133623263613766353632633530383836
34303338653738653861643236306237313739313539363665306634633963643837636632303637
32386433356233623464323233353938303134666165663532643937383566613864393365323832
61353830363035626439343261313664343630663934373333346538326535623937646262666561
62613461316536393730616164386133356133353233613962383532316265333865303735366239
36366261393030336562323130626663663066366237333461396137313763356161393332323632
30323535363439313330356439316333346461316435613931363265333465633935353961366438
32343561306330356234303136326133373439643463643933313439323735636466643062383764
33623530363938323061653232613663336636623862346636316364356462396234646134356461
63646630666237326666613438383634313331633561316538326232376631393161333133653934
3036343166336663356238323535376637396237613539656266
